% data uit missile DATCOM voor Sparrow
% Ma=2
% h=0 km
% delta=0
alpha_datcom=[	0	1	2	3	4	5	6	7	8	9	10	11	12	13	14	15	16	17	18	19	];
CN_datcom=[0	0.584	1.176	1.777	2.387	3	3.635	4.333	5.055	5.801	6.57	7.358	8.177	9.026	9.906	10.779	11.656	12.549	13.4	14.248	];
CM_datcom=[	0	-0.415	-0.828	-1.246	-1.672	-2.042	-2.474	-3.237	-4.03	-4.841	-5.662	-6.494	-7.307	-8.06	-8.892	-9.733	-10.712	-11.728	-12.622	-13.73	];
