%% Earth data

G = 6.67408*10^-11;

m_earth = 5.97217*10^24;
r_earth = 6371*10^3;