%% Sparrow data

m = 120;


L = 3.657;
Ln = 0.193;
d = 0.203;

Xw = 1.102;

Crw = 0.495;
Ctw = 0.097;
Hw = 0.398;

Crt = 0.473;
Ctt = 0;
Ht = 0.308;

Xhl = 1.829;
Xcg = 1.925;